MessageId,Suspicious_Level
168641,3
36569,3
19697,1
49296,3
11784,1
48960,2
168567,3
24176,3
122178,1
208223,3
11786,1
208959,1
48967,3
31641,3
36540,1
122216,1
122235,2
51892,3
34824,3
122206,1
122188,2
122167,3
208288,3
31640,3
19702,1
208248,3
168576,3
34808,2
208335,1
208358,3
40770,1
15690,2
51871,3
168651,3
168539,3
51882,1
208403,3
208215,1
19603,1
23166,1
49280,3
34819,3
6354,3
214821,3
208327,3
122261,3
214855,3
24171,3
7633,3
168608,3
208944,1
208214,3
51912,1
208245,1
48924,2
168604,3
4244,2
168580,3
49319,3
15685,2
4247,2
49291,3
12086,3
65789,2
48934,3
65796,3
49246,1
168654,3
48941,3
49276,1
208270,3
49309,2
168538,3
6714,3
15489,2
208349,3
4249,1
6713,1
208281,3
168631,3
49289,3
15490,3
168624,3
168647,2
168555,3
50443,3
214792,3
208384,1
214797,3
122211,3
122194,3
47463,2
122272,2
6722,2
46512,3
209057,3
65792,1
49290,1
208949,1
47461,2
122192,3
19699,3
208337,1
168583,3
47446,3
34834,1
47447,3
49271,3
168630,1
122270,3
214825,3
28353,3
12089,3
65809,3
65799,2
34815,3
19607,2
209008,3
208404,3
208317,3
208266,3
51911,3
49279,3
34794,3
10129,3
168640,3
36560,1
168642,3
122266,1
168611,3
214890,3
34807,1
168657,3
12192,1
47462,3
51888,3
168591,1
208374,3
16232,1
31653,1
168619,3
208259,3
208435,1
46485,1
168529,3
122166,3
209065,2
168573,3
208261,3
6161,3
31636,1
19599,3
46509,3
168566,3
122193,3
214852,3
214872,3
122238,1
23177,3
7637,2
214784,3
48953,3
48946,2
50436,2
214856,3
49258,3
15594,3
5890,3
24168,3
46496,3
208367,3
10558,3
23180,3
28355,3
208272,1
15599,2
209003,3
208235,3
208258,1
49310,3
208362,3
48964,2
214790,3
209061,1
15213,2
122164,1
23174,3
5877,2
208438,3
47438,3
23169,3
15487,3
34792,1
31647,3
168531,3
36570,3
15675,1
51895,3
209070,1
168589,3
7638,3
208209,3
214865,3
49270,1
28359,3
214868,1
168650,3
208987,1
12084,3
36527,3
122240,1
168602,1
10559,1
19604,1
214799,3
208988,3
208319,3
168561,3
36555,3
49253,3
122229,1
65788,1
168653,3
4242,2
51851,3
51898,3
209016,1
51870,3
208247,1
168616,1
34806,1
65786,3
19691,3
15680,3
208354,3
208228,2
12199,2
19696,3
16228,3
208229,3
19708,3
208236,3
168623,3
15660,3
36556,1
34818,3
209052,3
34827,3
11788,1
208405,3
209091,3
122260,1
46527,3
122169,3
208381,3
208328,3
209022,3
208342,3
19713,2
47460,3
20514,3
7103,3
208376,1
122163,3
6156,1
168621,2
40775,1
208238,3
214891,1
208994,3
65804,1
214817,3
23181,1
48958,1
209036,3
12783,1
214874,1
49295,2
12786,2
65805,1
209034,1
34823,3
122264,3
49267,3
208292,3
6717,3
214871,3
65807,1
50434,3
48954,1
13224,3
12200,2
49249,3
12092,3
208407,3
48927,3
65810,1
31643,3
49316,3
168649,3
208385,3
208371,3
122195,1
208274,3
122184,2
168605,2
28354,3
3885,3
122210,3
49292,2
214811,3
168564,1
49300,2
48955,3
122189,1
49293,1
36546,3
214785,3
19608,2
208413,2
46506,3
208428,1
47464,3
48923,2
208210,3
51866,3
168558,3
168554,3
168556,1
208253,3
49315,3
6719,2
214851,3
15678,3
40767,3
50445,1
209049,3
40760,3
208361,3
65798,3
46490,3
15493,3
122205,2
122244,2
168565,3
122223,2
49275,3
208204,1
122269,2
208359,3
168645,1
48928,3
40765,3
46507,3
46516,3
214786,3
47448,3
208213,3
208231,3
7632,3
49250,3
209067,3
48931,3
6715,1
3883,3
208437,3
49268,3
48945,3
208401,1
47459,3
15600,3
19611,2
171674,2
209033,1
49281,2
34810,3
48929,3
6157,1
49285,3
65787,1
31639,3
34787,2
50442,3
49312,2
65793,2
15491,3
12098,3
209028,3
214782,3
208360,3
214854,3
34788,1
122185,1
10554,3
23178,1
50441,2
19692,2
214813,3
209025,3
208322,3
47450,1
12087,3
122232,1
214798,3
208425,3
49299,3
214869,1
214777,3
46528,3
10128,1
12090,3
49263,2
28356,3
168627,2
208406,3
16233,1
209090,1
34803,2
40778,3
214882,3
65816,3
122228,2
31644,3
208330,3
208243,1
208268,3
209048,3
46484,3
209077,3
208945,1
31650,3
48940,3
10555,3
46513,3
214812,3
208263,3
168612,1
49273,3
208366,3
50444,3
46510,3
34828,3
12188,2
122250,1
48956,1
168603,3
208255,3
168620,2
214848,3
168655,3
40776,3
168581,3
5873,3
208976,2
36514,3
122218,1
46502,3
51913,3
122224,1
208334,3
49284,3
122175,3
208321,3
11787,3
168652,3
208262,3
46515,3
65782,1
19601,2
49288,3
208372,2
209053,1
49247,2
214849,3
40769,3
36544,3
34791,1
168638,2
208273,1
214840,3
48932,3
122263,3
46493,3
168545,3
47455,1
208191,3
15665,2
46517,1
209045,3
34799,3
208278,3
46488,3
168594,3
51916,3
28352,1
4243,2
168559,3
168598,3
49308,3
47437,3
19698,1
16230,3
208217,1
214787,3
51858,2
51903,3
214776,3
23184,3
208312,1
34814,1
209042,3
11785,2
51900,3
48947,3
23179,3
208301,3
168563,3
65783,1
15659,3
214802,3
15684,3
209039,2
65784,1
48961,3
12097,3
214885,3
49278,1
168587,1
209040,3
48930,1
65820,3
65780,2
49294,2
214876,3
51861,1
214780,3
47440,2
208369,3
65801,2
65811,2
214820,3
168590,1
46492,1
51862,1
168574,3
209020,3
12093,1
34833,2
208373,1
65785,1
208399,3
11782,3
208958,3
208356,1
16231,1
122174,3
23175,3
208390,3
208311,3
168600,1
49259,3
49251,3
48959,3
49313,2
49305,3
208267,3
122230,3
31642,1
15494,2
168609,3
208421,1
214883,3
208993,3
6720,2
214870,3
214888,1
12190,3
208276,3
36541,1
214778,3
214858,3
46514,3
6160,1
209043,3
208306,3
3879,2
34832,3
208440,3
49304,3
50447,3
40764,1
122227,1
208304,3
51886,1
49286,2
46504,1
65806,3
11780,3
48942,3
209030,1
15662,1
208960,3
48965,3
208415,2
49260,3
34825,2
24172,3
51852,3
7634,3
209019,3
209011,1
214819,2
168593,3
208383,3
208287,3
34822,3
34813,3
209075,3
34816,3
65815,1
47445,2
51893,3
12196,1
214801,3
40777,3
214795,3
168629,3
122262,1
15215,1
209014,3
12091,1
19694,1
209005,3
122198,2
168568,2
15692,3
208256,3
10561,3
214842,3
208963,3
208992,3
168596,3
15597,3
49274,3
208955,1
50438,3
48938,1
23183,3
208246,3
49298,2
208257,3
12094,1
51868,3
15664,3
214886,3
51859,3
208982,3
65791,2
122243,1
46478,3
19605,3
48943,1
214857,3
51856,3
122220,1
12088,3
12085,3
36536,3
16229,1
122173,1
168606,3
122241,1
12195,2
208395,3
208244,1
65797,1
23170,1
6347,3
6711,1
34797,3
31637,3
208212,3
10562,3
12189,1
49266,1
19700,3
23168,3
34801,1
49277,3
34805,3
10550,3
47442,3
49261,1
214779,3
208250,3
208969,3
214864,3
214866,3
34800,2
122176,3
36520,2
168628,3
214884,3
31651,3
208280,3
46523,3
49287,1
48937,1
209031,3
122271,1
15677,3
122172,1
122197,2
47452,3
209009,3
49283,3
47469,3
34795,2
46521,3
23176,3
40774,1
48966,3
47443,3
6158,1
209092,1
40773,1
46494,3
12193,3
51896,3
50440,3
214873,3
122207,2
122274,1
5889,3
15687,3
10564,3
48962,3
15679,2
5875,1
47444,3
214800,3
11789,3
209010,1
208400,3
12787,1
46501,3
208201,3
209073,3
208965,2
31646,3
122231,3
48939,1
34809,2
122258,2
15595,1
10551,3
122165,1
34826,1
168618,3
209072,3
122234,1
168582,3
208962,3
6721,2
208420,3
214867,1
168658,3
168637,3
15688,3
209078,3
28351,3
208370,3
208230,3
209018,3
208331,3
122273,3
48948,1
23173,3
46483,3
46511,3
208978,1
15681,1
34802,1
46508,3
168615,1
51860,3
214783,3
122259,3
10132,3
51890,2
208351,3
34796,3
168610,2
208298,3
214846,1
46481,3
208981,3
209060,3
49272,3
51897,3
209074,3
49314,3
168532,3
5878,2
208324,3
214875,3
28360,1
122252,2
168569,3
122246,1
34821,3
208410,3
6710,1
122201,1
168533,3
168585,3
209081,3
171683,3
209026,1
122204,3
40763,2
214789,3
19600,2
48935,3
208394,3
208234,3
208375,3
208999,2
208967,3
214823,3
208956,3
40766,3
46500,3
12095,3
168572,1
19693,1
122222,1
208216,3
10552,3
51887,3
40784,3
49306,3
24175,3
208260,3
6155,3
15492,3
208380,3
208971,3
31634,1
6724,3
34829,1
214791,3
208389,3
48952,1
49317,3
208207,3
20513,3
12191,1
208194,3
208225,2
23182,3
168523,2
168577,3
51894,3
122196,2
168526,3
34811,2
122171,1
65812,3
122209,2
214835,3
214775,3
208237,3
168646,3
209037,1
208297,3
15211,1
65790,1
46498,3
51867,3
168601,1
208392,3
36565,3
208974,3
11778,3
49282,3
208353,1
208251,3
48950,2
48933,2
168570,3
208290,2
15212,3
51902,3
209013,3
12784,1
19606,3
122236,3
168639,3
168534,3
4248,2
5888,1
209000,1
208952,3
48925,3
31633,2
65818,1
65795,3
46482,3
168579,3
122208,3
208402,1
208391,3
7635,3
214847,3
168578,3
65814,1
46522,3
65817,2
12194,1
214887,3
51918,3
47453,2
122187,3
6716,1
208953,3
208232,3
36573,3
208414,3
208341,3
15598,3
48968,3
3882,1
48957,2
214850,3
168643,3
208986,3
122168,3
208325,1
214781,3
65778,2
214833,3
208221,3
208355,1
122203,3
46479,3
208416,3
34789,2
208948,3
168522,3
34817,3
209021,1
46505,3
40781,3
34820,3
208226,3
65813,1
208220,3
208348,3
168521,2
214836,3
214843,1
47449,3
214815,3
208430,3
208357,1
208995,3
208951,3
122265,2
4250,2
168607,3
122186,1
168527,1
48936,3
5876,3
31645,2
209069,3
122233,2
48963,1
122212,1
209015,1
208269,1
40762,3
65781,3
209068,3
168632,3
15689,3
214889,1
208439,3
214796,3
6712,3
36524,3
214841,3
209051,1
208942,3
28350,3
17286,3
168584,3
65819,1
23164,3
214837,1
5879,2
208284,3
6162,1
47441,3
24169,1
46520,3
122239,2
49255,3
122213,1
49248,3
122183,2
122200,2
168656,3
209055,3
7636,3
214818,3
40761,2
214810,3
208417,3
6718,1
208436,3
23165,1
208254,1
28358,1
208271,1
168617,3
48944,3
208283,3
36513,1
36545,3
208422,3
208293,3
40779,1
168530,1
15686,1
209058,3
214803,1
23171,1
6723,3
208980,1
31648,3
48949,2
36533,1
11783,3
46518,3
46495,3
208314,3
208396,3
49303,1
49269,3
15218,1
4246,1
65802,1
168562,2
12083,3
46491,1
49318,3
34812,3
17284,3
168636,3
65779,1
168635,2
34830,1
214845,3
36567,3
5881,1
13225,3
40782,2
208318,3
13226,3
208300,3
208434,3
122242,3
47451,2
208224,3
214814,3
50439,1
214826,3
46477,3
47439,3
208200,3
51854,3
49297,3
24170,3
34798,1
208265,3
11777,3
208320,3
51872,3
5880,1
24173,3
208285,3
214892,3
46503,3
168537,3
214844,3
34804,1
47436,3
34793,1
168571,3
214824,3
23172,3
214838,3
208412,3
208313,3
34831,1
36542,3
15682,2
168644,1
65794,3
208424,3
50446,1
15663,3
49252,3
122245,2
208427,1
208323,3
208346,3
208202,1
65808,2
208227,3
10556,3
19609,1
168595,3
168599,1
168536,3
46489,1
15217,3
209063,3
208983,1
208973,3
51904,3
19602,2
168633,3
31638,3
208294,3
168575,3
19695,1
122170,1
168613,1
214822,3
65800,3
15488,3
208411,3
208333,3
34790,1
46480,3
12781,3
47467,3
208199,3
209085,3
214793,3
122199,3
214794,3
122177,1
40785,1
15661,3
214853,3
49254,3
214834,3
214816,3
6159,1
23185,3
46499,1
4245,1
47454,3
214788,3
122190,1
19610,3
15658,3
